%YAML:1.0
---
camera_id: N0078060D
R: !!opencv-matrix
   rows: 3
   cols: 3
   dt: d
   data: [ -1.0879042206010658e-02, -9.9989022875770228e-01,
       1.0058671659293639e-02, -1.4153962657382391e-02,
       -9.9042762934679063e-03, -9.9985077419192714e-01,
       9.9984064319359067e-01, -1.1019788835194888e-02,
       -1.4044659919501434e-02 ]
t: !!opencv-matrix
   rows: 3
   cols: 1
   dt: d
   data: [ 7.7857931039103975e-02, -5.0038591610200488e-02,
       4.9490488039934048e-02 ]
