D:
- 0.050028691291762725
- 0.054067574066615665
- -0.08229496805166348
- 0.04722939213239348
K:
- 1005.7376599264203
- 0.0
- 920.8846037533335
- 0.0
- 1005.6151872341874
- 532.3772978682995
- 0.0
- 0.0
- 1.0
camera_model: fisheye
cx: 920.8846037533335
cx_rectified: 920.8846037533335
cy: 532.3772978682995
cy_rectified: 532.3772978682995
distortion_model: equidistant
fx: 1005.7376599264203
fx_rectified: 1005.7376599264203
fy: 1005.6151872341874
fy_rectified: 1005.6151872341874
image_height: 1080
image_width: 1920
rmse_px: 3.177
