D:
- 0.048115034173130414
- 0.05641875965299116
- -0.06589586499826289
- 0.02680245629773779
K:
- 997.2280816233396
- 0.0
- 1015.018326737993
- 0.0
- 996.3071997082411
- 527.1865044622521
- 0.0
- 0.0
- 1.0
camera_model: fisheye
cx: 1015.018326737993
cx_rectified: 1015.018326737993
cy: 527.1865044622521
cy_rectified: 527.1865044622521
distortion_model: equidistant
fx: 997.2280816233396
fx_rectified: 997.2280816233396
fy: 996.3071997082411
fy_rectified: 996.3071997082411
image_height: 1080
image_width: 1920
rmse_px: 9.1693
