D:
- 0.05908956008398448
- 0.03404617246861611
- -0.030544201161224818
- 0.01026306414028498
K:
- 993.1288995887973
- 0.0
- 982.6766035030352
- 0.0
- 993.2540826964614
- 504.78249194707774
- 0.0
- 0.0
- 1.0
camera_model: fisheye
cx: 982.6766035030352
cx_rectified: 982.6766035030352
cy: 504.78249194707774
cy_rectified: 504.78249194707774
distortion_model: equidistant
fx: 993.1288995887973
fx_rectified: 993.1288995887973
fy: 993.2540826964614
fy_rectified: 993.2540826964614
image_height: 1080
image_width: 1920
rmse_px: 6.7751
