%YAML:1.0
---
camera_id: N008B060D
R: !!opencv-matrix
   rows: 3
   cols: 3
   dt: d
   data: [ -1.1240225621210409e-02, -9.9990193406979877e-01,
       -8.3534167536576387e-03, -2.5713505745357801e-03,
       8.3828202571215593e-03, -9.9996155750146709e-01,
       9.9993352053234386e-01, -1.1218313955884629e-02,
       -2.6653232036819574e-03 ]
t: !!opencv-matrix
   rows: 3
   cols: 1
   dt: d
   data: [ 2.3975905583042280e-02, -3.0794761183594484e-02,
       5.8112219443343618e-02 ]
