%YAML:1.0
---
camera_id: N008B060D
R: !!opencv-matrix
   rows: 3
   cols: 3
   dt: d
   data: [ -1.4908419396743644e-02, -9.9987829133666850e-01,
       -4.5979935575413688e-03, -1.8059494743946414e-02,
       4.8670201019559434e-03, -9.9982506808187233e-01,
       9.9972575923634399e-01, -1.4822773997857253e-02,
       -1.8129856323872984e-02 ]
t: !!opencv-matrix
   rows: 3
   cols: 1
   dt: d
   data: [ 3.9638805845984018e-02, -4.8452615792708639e-03,
       8.5830577419508905e-02 ]
