%YAML:1.0
---
camera_id: N00A5060D
image_width: 1920
image_height: 1080
distortion_model: equidistant
camera_matrix: !!opencv-matrix
   rows: 3
   cols: 3
   dt: d
   data: [ 1.0057376599264203e+03, 0., 9.2088460375333352e+02, 0.,
       1.0056151872341874e+03, 5.3237729786829948e+02, 0., 0., 1. ]
distortion_coefficients: !!opencv-matrix
   rows: 1
   cols: 4
   dt: d
   data: [ 5.0028691291762725e-02, 5.4067574066615665e-02,
       -8.2294968051663475e-02, 4.7229392132393480e-02 ]
