%YAML:1.0
---
camera_id: N00AD05C1
R: !!opencv-matrix
   rows: 3
   cols: 3
   dt: d
   data: [ -4.3047755115996511e-02, -9.9907029248886259e-01,
       -2.3326906550042992e-03, 6.7234316775218184e-03,
       2.0451057618015023e-03, -9.9997530619955843e-01,
       9.9905039224553183e-01, -4.3062375789566010e-02,
       6.6291436405704340e-03 ]
t: !!opencv-matrix
   rows: 3
   cols: 1
   dt: d
   data: [ 9.6699638404768515e-02, -1.0518211557509228e-02,
       1.0253708492649193e-01 ]
