%YAML:1.0
---
camera_id: N00A5060D
R: !!opencv-matrix
   rows: 3
   cols: 3
   dt: d
   data: [ 5.9387576161219535e-02, -9.9819175497383639e-01,
       -9.2917221196074373e-03, -6.6050170407990216e-03,
       8.9150147576783079e-03, -9.9993844623644768e-01,
       9.9821314835439146e-01, 5.9445292615336931e-02,
       -6.0636324336873493e-03 ]
t: !!opencv-matrix
   rows: 3
   cols: 1
   dt: d
   data: [ -2.1135412399456443e-02, -5.5498397472856695e-04,
       3.7188248030776139e-02 ]
