%YAML:1.0
---
camera_id: N00AD05C1
R: !!opencv-matrix
   rows: 3
   cols: 3
   dt: d
   data: [ 2.3146469991911500e-03, -9.9998884704465740e-01,
       -4.1168186218720204e-03, -9.9814424436533988e-04,
       4.1145172610465575e-03, -9.9999103718772187e-01,
       9.9999682305362159e-01, 2.3187354322573572e-03,
       -9.8860945707590631e-04 ]
t: !!opencv-matrix
   rows: 3
   cols: 1
   dt: d
   data: [ 4.9335157373072659e-03, -1.0493972685790994e-03,
       9.9109858449155042e-02 ]
