%YAML:1.0
---
camera_id: N010005C4
R: !!opencv-matrix
   rows: 3
   cols: 3
   dt: d
   data: [ -4.7004678839360325e-02, -9.9863317655890937e-01,
       2.2854733493766988e-02, -2.8416067283815016e-02,
       -2.1533947578976975e-02, -9.9936420599388487e-01,
       9.9849040420393154e-01, -4.7624235191007558e-02,
       -2.7365031246854410e-02 ]
t: !!opencv-matrix
   rows: 3
   cols: 1
   dt: d
   data: [ 6.7380606681637770e-02, -4.1119734903551303e-03,
       6.7699067704387064e-02 ]
