%YAML:1.0
---
camera_id: N010005C4
R: !!opencv-matrix
   rows: 3
   cols: 3
   dt: d
   data: [ -6.0536746792613338e-02, -9.9782015735780316e-01,
       2.6272340173958908e-02, -3.3988791747891434e-02,
       -2.4244712042194916e-02, -9.9912809788010160e-01,
       9.9758712116951753e-01, -6.1376929773655775e-02,
       -3.2447005536324403e-02 ]
t: !!opencv-matrix
   rows: 3
   cols: 1
   dt: d
   data: [ 9.6438782219757463e-02, 3.1632982755140939e-03,
       6.9815591252163620e-02 ]
