D:
- 0.05651391023162235
- 0.027751596860263576
- -0.03249000208533064
- 0.01608826112971781
K:
- 1000.5278704408755
- 0.0
- 920.6443802512049
- 0.0
- 999.1999504472174
- 531.799433037937
- 0.0
- 0.0
- 1.0
camera_model: fisheye
cx: 920.6443802512049
cx_rectified: 920.6443802512049
cy: 531.799433037937
cy_rectified: 531.799433037937
distortion_model: equidistant
fx: 1000.5278704408755
fx_rectified: 1000.5278704408755
fy: 999.1999504472174
fy_rectified: 999.1999504472174
image_height: 1080
image_width: 1920
rmse_px: 7.2562
