%YAML:1.0
---
camera_id: N00A5060D
R: !!opencv-matrix
   rows: 3
   cols: 3
   dt: d
   data: [ 2.3322433511701879e-02, -9.9968180246569305e-01,
       -9.6103024944875770e-03, -1.8929917710911848e-02,
       9.1696023456472875e-03, -9.9977876383141950e-01,
       9.9954875934621157e-01, 2.3499195981267207e-02,
       -1.8710036816736331e-02 ]
t: !!opencv-matrix
   rows: 3
   cols: 1
   dt: d
   data: [ 2.7630449418532921e-02, 5.2278012603582365e-03,
       6.1279841126442816e-02 ]
