%YAML:1.0
---
camera_id: N00A5060D
image_width: 1920
image_height: 1080
distortion_model: equidistant
camera_matrix: !!opencv-matrix
   rows: 3
   cols: 3
   dt: d
   data: [ 1.0005278704408755e+03, 0., 9.2064438025120489e+02, 0.,
       9.9919995044721736e+02, 5.3179943303793698e+02, 0., 0., 1. ]
distortion_coefficients: !!opencv-matrix
   rows: 1
   cols: 4
   dt: d
   data: [ 5.6513910231622347e-02, 2.7751596860263576e-02,
       -3.2490002085330642e-02, 1.6088261129717809e-02 ]
